1225433524624624624624624624435435435
99999998999999999900000001
6.2833091660873607599539778446102321
15175825.62999348277475647115216312
6604329913012654921.130176563921619535
6595189023011417534707050400.089047631
265945948468183536202037107176
4403863167564145777648024310656902792128591840
144999965553333333
1010101010101001010101011111111111110201211
999888867837549
입력이 잘못되었습니다.
입력이 잘못되었습니다.
0
330332137000
61686907721352
-5198198297
입력이 잘못되었습니다.
입력이 잘못되었습니다.
입력이 잘못되었습니다.
입력이 잘못되었습니다.
입력이 잘못되었습니다.
13966674366875957941452288
6538426829199
6568401384
761273596928249856
167841288500056
0
입력이 잘못되었습니다.
11177157830389676484726047856289650764630800386120
55507555444445
19610370
6463579124
777777774444418518514185185133333481703703703704
97829980
615626174
8798521392
입력이 잘못되었습니다.
입력이 잘못되었습니다.
입력이 잘못되었습니다.
입력이 잘못되었습니다.
0
0
2641575319521973600911314245794015562601758080
-11110444444444444445
408691479233727072292
166888888889998675786
197530864195555535148300455
80436
-353
1567920
1812402883
96989553
5640971
10071
393565630491957
-852897366
29442768049330450
489
0
110111111111111111112
111112111111111111111111110
12345679012345679011111111110987654309876543210
1.77168156
481.6975562928628
9677.10352
2.77017666923683169
9049.801050250150186480310828329
7.946662651
1053471160272140.90367
289.476
-15244.39644
93999.3191
875.14
59.31870456
1
입력이 잘못되었습니다.
-16.43732984
15.602124109696
95.4901
96948502066667385
-55494947.4841116
31746152497127.4181446
입력이 잘못되었습니다.
422463561
941183.896921
입력이 잘못되었습니다.
277966408592973.40203
입력이 잘못되었습니다.
입력이 잘못되었습니다.
322629048
598736.283
6204.387
9999999999999666666666665.6666666667
999999.000000000099
5366.134178112501
988742683.962849
7407399999999999999999999.9999999999925926
1316872412166584389968078998872599177099865020576
0